cCC;aCC;cCF;aCF;cCW;aCW
0.04943;0.15973;0.73506;-0.00375;75.084;12.515
0.15973;0.06958;0.04665;0.61716;2.865;73.263
0.73506;0.04665;0.09264;0.09919;66.964;19.164
-0.00375;0.61716;0.09919;0.10869;0.589;76.314
75.084;2.865;66.964;0.589;1381.9;1927.1
12.515;73.263;19.164;76.314;1927.1;1535.2