cCC;aCC;cCF;aCF;cCW;aCW
0.40150;0.33639;-0.00993;-0.03782;1.828;2.538
0.33639;0.40130;-0.00655;0.03484;1.262;3.387
-0.00993;-0.00655;0.12067;0.09218;-0.050;0.434
-0.03782;0.03484;0.09218;0.13028;-0.404;1.322
1.828;1.262;-0.050;-0.404;31.1;48.7
2.538;3.387;0.434;1.322;48.7;194.7